%% Example

%% Rosenbrock
Y0 = [0.4296,0.6099,0.3158;0.4517,0.0594,0.7727];